Color path

from Mine:
0. FF00CA (255,0,202)
1. 9A00FF (154,0,255)
2. 4300FF (67,0,255)
3. EA10BC (234,16,188)
4. 9A00FF (154,0,255)
5. FF00CA (255,0,202)
6. 
bank = FE45353 (228,83,83)


actual

0  (219, 19, 177), (247, 3, 192), (172, 31, 106), (130, 47, 58), (221, 18, 179), (247, 3, 195), (213, 15, 171), (180, 41, 150), (180, 41, 151), (216, 15, 156), (218, 14, 159), (243, 0, 192)
1  (151, 3, 243), (139, 14, 197), (122, 30, 133), (140, 13, 200), (106, 45, 72), (106, 45, 71), (140, 13, 201), (138, 13, 196), (120, 28, 133), (139, 12, 201)
2  (65, 23, 202), (62, 76, 78), (63, 50, 138), (67, 5, 244), (65, 24, 199), (66, 22, 203), (64, 50, 139)
3  (227, 19, 183), (201, 29, 163), (202, 30, 163), (199, 30, 162), (160, 46, 133), (228, 20, 179), (204, 34, 146)
4  see 1
5  see 0

bank (228,83,83)